function model = planet_saturn()
	model = model_planet();
	model.name = 'Saturn';
	model.mass = 2.85583733151e-4;
	model.position = [9.0755314, -3.0458353 ,-1.6483708];
	model.speed = [0.00168318, 0.00483525, 0.00192462];
end