function model = planet_jupiter()
	model = model_planet();
	model.name = 'Jupiter';
	model.mass = 9.54786104043e-4;
	model.position = [-3.5023653, -3.8169847, -1.5507963];
	model.speed = [0.00565429, -0.00412490, -0.00190589];
end