function model = planet_uranus()
	model = model_planet();
	model.name = 'Uranus';
	model.mass = 4.37273164546e-5;
	model.position = [8.3101420, -16.2901086, -7.2521278];
	model.speed = [0.00354178, 0.00137102, 0.00055029];
end